%!PS-Adobe-3.0 EPSF-3.0
%%Creator: (MATLAB, The MathWorks, Inc. Version 25.1.0.2943329 R2025a. Operating System: Microsoft Windows 11 专业版)
%%Title: ./Lifetime_FND_HND_LND.eps
%%CreationDate: 2025-12-31T20:23:34
%%Pages: (atend)
%%BoundingBox:    0     0   403   185
%%LanguageLevel: 3
%%EndComments
/bd{bind def}bind def
/ld{load def}bd
/GR/grestore ld
/GS/gsave ld
/RM/rmoveto ld
/C/curveto ld
/t/show ld
/L/lineto ld
/RL/rlineto ld
/ML/setmiterlimit ld
/CT/concat ld
/f/fill ld
/N/newpath ld
/S/stroke ld
/CC/setcmykcolor ld
/A/ashow ld
/cp/closepath ld
/RC/setrgbcolor ld
/LJ/setlinejoin ld
/GC/setgray ld
/LW/setlinewidth ld
/LC/setlinecap ld
/LJ/setlinejoin ld
/SD/setdash ld
/M/moveto ld
/TX/translate ld
/R/rotate ld
/SC/scale ld

/CIRC {0 360 arc}bd
/F {exch findfont exch scalefont setfont}bd
/edef{ exch def } def
/scaleImg{ % width height outputDPI scaleImg
   /outputDPI edef
   /height edef
   /width edef
   /psDPI 72 def
   /sDPI psDPI outputDPI div def % DPI scale
   width sDPI mul % width * (psDPI / outputDPI)
   height sDPI mul
   scale
} def

% LineAttribute methods.linewidth linejoin linecap [dashpattern] dashOffset colorVal(s) <method>
/LAG {setgray setdash setlinecap setlinejoin setlinewidth} bd
/LAR {setrgbcolor setdash setlinecap setlinejoin setlinewidth} bd
/LAC {setcmykcolor setdash setlinecap setlinejoin setlinewidth} bd

% draw line impl
/DL { % VertexList NVerts StartPt DL
  N moveto { lineto } repeat stroke} def
% draw unfilled polyline impl
/DPL { % VertexList NVerts StartPt DPL
  N moveto { lineto } repeat closepath stroke} def
% draw filled polyline impl
/DPLF { % VertexList NVerts StartPt DPLF
  N moveto { lineto } repeat closepath fill } def
/DRL { % VertexList NVerts StartPt DRL
  N moveto { rlineto } repeat stroke} def
% draw unfilled polyline impl
/DRPL { % VertexList NVerts StartPt DRPL
  N moveto { rlineto } repeat closepath stroke} def
% draw filled polyline impl
/DRPLF { % VertexList NVerts StartPt DRPLF
  N moveto { rlineto } repeat closepath fill } def

%%Page: 1 1
%%PageBoundingBox:    0     0   403   185
%%BeginPageSetup
N
0 0 M
402.1 0 L
402.1 184.58 L
0 184.58 L
cp
clip
1.00 GC
0 184.58 402.1 184.58 402.1 0 3 0 0 DPLF
[  0.75 0 0 -0.75 0 184.575] CT
%%EndPageSetup
-2.4 -3.5 TX
1.00 LW
0.07 GC
538 8 538 228 57 228 3 57 8 DPLF
1.07 2 0 [] 0 1.00 LAG
90.7 228 1 90.7 8 DL
159.63 228 1 159.63 8 DL
228.57 228 1 228.57 8 DL
297.5 228 1 297.5 8 DL
366.43 228 1 366.43 8 DL
435.37 228 1 435.37 8 DL
504.3 228 1 504.3 8 DL
538 228 1 57 228 DL
538 173 1 57 173 DL
538 118 1 57 118 DL
538 63 1 57 63 DL
538 8 1 57 8 DL
1.07 2 2 [] 0 0.85 LAG
538 228 1 57 228 DL
538 8 1 57 8 DL
90.7 223.19 1 90.7 228 DL
90.7 8 1 90.7 12.81 DL
159.63 223.19 1 159.63 228 DL
159.63 8 1 159.63 12.81 DL
228.57 223.19 1 228.57 228 DL
228.57 8 1 228.57 12.81 DL
297.5 223.19 1 297.5 228 DL
297.5 8 1 297.5 12.81 DL
366.43 223.19 1 366.43 228 DL
366.43 8 1 366.43 12.81 DL
435.37 223.19 1 435.37 228 DL
435.37 8 1 435.37 12.81 DL
504.3 223.19 1 504.3 228 DL
504.3 8 1 504.3 12.81 DL
/Times-Roman 14.6667 F
GS
80.2 246.6 M
1 -1 scale
(tree) t
GR
GS
138.13 246.6 M
1 -1 scale
(minhop) t
GR
GS
220.07 246.6 M
1 -1 scale
(etx) t
GR
GS
278.5 246.6 M
1 -1 scale
(greedy) t
GR
GS
347.43 246.6 M
1 -1 scale
(energy) t
GR
GS
414.37 246.6 M
1 -1 scale
(mindist) t
GR
GS
493.3 246.6 M
1 -1 scale
(mix) t
GR
/Times-Roman 16.1333 F
GS
13.4 148.5 M
1 -1 scale
90 R
(Time step) t
GR
57 8 1 57 228 DL
538 8 1 538 228 DL
61.81 228 1 57 228 DL
538 228 1 533.19 228 DL
61.81 173 1 57 173 DL
538 173 1 533.19 173 DL
61.81 118 1 57 118 DL
538 118 1 533.19 118 DL
61.81 63 1 57 63 DL
538 63 1 533.19 63 DL
61.81 8 1 57 8 DL
538 8 1 533.19 8 DL
/Times-Roman 14.6667 F
GS
44.4 232.5 M
1 -1 scale
(0) t
GR
GS
30.4 177.5 M
1 -1 scale
(500) t
GR
GS
23.4 122.5 M
1 -1 scale
(1000) t
GR
GS
23.4 67.5 M
1 -1 scale
(1500) t
GR
GS
23.4 12.5 M
1 -1 scale
(2000) t
GR
0.67 2 0 [] 0 0.85 LAG
538 228 1 57 228 DL
0.15 0.55 0.87 RC
81.51 222.9 81.51 228 69.25 228 3 69.25 222.9 DPLF
150.44 223.18 150.44 228 138.19 228 3 138.19 223.18 DPLF
219.38 222.54 219.38 228 207.12 228 3 207.12 222.54 DPLF
288.31 220.92 288.31 228 276.05 228 3 276.05 220.92 DPLF
357.24 219.3 357.24 228 344.99 228 3 344.99 219.3 DPLF
426.18 220.51 426.18 228 413.92 228 3 413.92 220.51 DPLF
495.11 221.6 495.11 228 482.85 228 3 482.85 221.6 DPLF
0.67 0 0 [] 0 0.85 LAG
81.51 228 81.51 222.9 69.25 222.9 3 69.25 228 DPL
150.44 228 150.44 223.18 138.19 223.18 3 138.19 228 DPL
219.38 228 219.38 222.54 207.12 222.54 3 207.12 228 DPL
288.31 228 288.31 220.92 276.05 220.92 3 276.05 228 DPL
357.24 228 357.24 219.3 344.99 219.3 3 344.99 228 DPL
426.18 228 426.18 220.51 413.92 220.51 3 413.92 228 DPL
495.11 228 495.11 221.6 482.85 221.6 3 482.85 228 DPL
0.96 0.47 0.16 RC
96.83 8 96.83 228 84.57 228 3 84.57 8 DPLF
165.76 8 165.76 228 153.51 228 3 153.51 8 DPLF
234.69 8 234.69 228 222.44 228 3 222.44 8 DPLF
303.63 8 303.63 228 291.37 228 3 291.37 8 DPLF
372.56 8 372.56 228 360.31 228 3 360.31 8 DPLF
441.49 8 441.49 228 429.24 228 3 429.24 8 DPLF
510.43 8 510.43 228 498.17 228 3 498.17 8 DPLF
0.67 0 0 [] 0 0.85 LAG
96.83 228 96.83 8 84.57 8 3 84.57 228 DPL
165.76 228 165.76 8 153.51 8 3 153.51 228 DPL
234.69 228 234.69 8 222.44 8 3 222.44 228 DPL
303.63 228 303.63 8 291.37 8 3 291.37 228 DPL
372.56 228 372.56 8 360.31 8 3 360.31 228 DPL
441.49 228 441.49 8 429.24 8 3 429.24 228 DPL
510.43 228 510.43 8 498.17 8 3 498.17 228 DPL
1.00 0.91 0.39 RC
112.15 8 112.15 228 99.89 228 3 99.89 8 DPLF
181.08 8 181.08 228 168.82 228 3 168.82 8 DPLF
250.01 8 250.01 228 237.76 228 3 237.76 8 DPLF
318.95 8 318.95 228 306.69 228 3 306.69 8 DPLF
387.88 8 387.88 228 375.62 228 3 375.62 8 DPLF
456.81 8 456.81 228 444.56 228 3 444.56 8 DPLF
525.75 8 525.75 228 513.49 228 3 513.49 8 DPLF
0.67 0 0 [] 0 0.85 LAG
112.15 228 112.15 8 99.89 8 3 99.89 228 DPL
181.08 228 181.08 8 168.82 8 3 168.82 228 DPL
250.01 228 250.01 8 237.76 8 3 237.76 228 DPL
318.95 228 318.95 8 306.69 8 3 306.69 228 DPL
387.88 228 387.88 8 375.62 8 3 375.62 228 DPL
456.81 228 456.81 8 444.56 8 3 444.56 228 DPL
525.75 228 525.75 8 513.49 8 3 513.49 228 DPL
0.67 2 0 [] 0 0.00 LAG
75.38 224.98 1 75.38 222.9 DL
144.32 224.7 1 144.32 223.18 DL
213.25 224.65 1 213.25 222.54 DL
282.18 223.22 1 282.18 220.92 DL
351.11 223.33 1 351.11 219.3 DL
420.05 223.48 1 420.05 220.51 DL
488.98 224.09 1 488.98 221.6 DL
75.38 220.83 1 75.38 222.9 DL
144.32 221.66 1 144.32 223.18 DL
213.25 220.44 1 213.25 222.54 DL
282.18 218.61 1 282.18 220.92 DL
351.11 215.28 1 351.11 219.3 DL
420.05 217.54 1 420.05 220.51 DL
488.98 219.12 1 488.98 221.6 DL
0.67 0 0 [] 0 0.00 LAG
79.38 224.98 1 71.38 224.98 DL
148.32 224.7 1 140.32 224.7 DL
217.25 224.65 1 209.25 224.65 DL
286.18 223.22 1 278.18 223.22 DL
355.11 223.33 1 347.11 223.33 DL
424.05 223.48 1 416.05 223.48 DL
492.98 224.09 1 484.98 224.09 DL
79.38 220.83 1 71.38 220.83 DL
148.32 221.66 1 140.32 221.66 DL
217.25 220.44 1 209.25 220.44 DL
286.18 218.61 1 278.18 218.61 DL
355.11 215.28 1 347.11 215.28 DL
424.05 217.54 1 416.05 217.54 DL
492.98 219.12 1 484.98 219.12 DL
0.67 2 0 [] 0 0.00 LAG
90.7 8 1 90.7 8 DL
159.63 8 1 159.63 8 DL
228.57 8 1 228.57 8 DL
297.5 8 1 297.5 8 DL
366.43 8 1 366.43 8 DL
435.37 8 1 435.37 8 DL
504.3 8 1 504.3 8 DL
90.7 8 1 90.7 8 DL
159.63 8 1 159.63 8 DL
228.57 8 1 228.57 8 DL
297.5 8 1 297.5 8 DL
366.43 8 1 366.43 8 DL
435.37 8 1 435.37 8 DL
504.3 8 1 504.3 8 DL
0.67 0 0 [] 0 0.00 LAG
94.7 8 1 86.7 8 DL
163.63 8 1 155.63 8 DL
232.57 8 1 224.57 8 DL
301.5 8 1 293.5 8 DL
370.43 8 1 362.43 8 DL
439.37 8 1 431.37 8 DL
508.3 8 1 500.3 8 DL
94.7 8 1 86.7 8 DL
163.63 8 1 155.63 8 DL
232.57 8 1 224.57 8 DL
301.5 8 1 293.5 8 DL
370.43 8 1 362.43 8 DL
439.37 8 1 431.37 8 DL
508.3 8 1 500.3 8 DL
0.67 2 0 [] 0 0.00 LAG
106.02 8 1 106.02 8 DL
174.95 8 1 174.95 8 DL
243.89 8 1 243.89 8 DL
312.82 8 1 312.82 8 DL
381.75 8 1 381.75 8 DL
450.68 8 1 450.68 8 DL
519.62 8 1 519.62 8 DL
106.02 8 1 106.02 8 DL
174.95 8 1 174.95 8 DL
243.89 8 1 243.89 8 DL
312.82 8 1 312.82 8 DL
381.75 8 1 381.75 8 DL
450.68 8 1 450.68 8 DL
519.62 8 1 519.62 8 DL
0.67 0 0 [] 0 0.00 LAG
110.02 8 1 102.02 8 DL
178.95 8 1 170.95 8 DL
247.89 8 1 239.89 8 DL
316.82 8 1 308.82 8 DL
385.75 8 1 377.75 8 DL
454.68 8 1 446.68 8 DL
523.62 8 1 515.62 8 DL
110.02 8 1 102.02 8 DL
178.95 8 1 170.95 8 DL
247.89 8 1 239.89 8 DL
316.82 8 1 308.82 8 DL
385.75 8 1 377.75 8 DL
454.68 8 1 446.68 8 DL
523.62 8 1 515.62 8 DL
0.15 0.55 0.87 RC
480 96.88 480 108.12 440 108.12 3 440 96.88 DPLF
0.67 0 0 [] 0 0.85 LAG
480 108.12 480 96.88 440 96.88 3 440 108.12 DPL
0.96 0.47 0.16 RC
480 112.38 480 123.62 440 123.62 3 440 112.38 DPLF
0.67 0 0 [] 0 0.85 LAG
480 123.62 480 112.38 440 112.38 3 440 123.62 DPL
1.00 0.91 0.39 RC
480 127.88 480 139.12 440 139.12 3 440 127.88 DPLF
0.67 0 0 [] 0 0.85 LAG
480 139.12 480 127.88 440 127.88 3 440 139.12 DPL
/Times-Roman 13.3333 F
GS
483 107 M
1 -1 scale
(FND) t
GR
GS
483 122.5 M
1 -1 scale
(HND) t
GR
GS
483 138 M
1 -1 scale
(LND) t
GR
%%Trailer
%%Pages: 1
%%EOF
