%!PS-Adobe-3.0 EPSF-3.0
%%Creator: (MATLAB, The MathWorks, Inc. Version 25.1.0.2943329 R2025a. Operating System: Microsoft Windows 11 专业工作站版)
%%Title: ./Lifetime_FND_HND_LND.eps
%%CreationDate: 2026-01-07T16:13:23
%%Pages: (atend)
%%BoundingBox:    0     0   402   179
%%LanguageLevel: 3
%%EndComments
/bd{bind def}bind def
/ld{load def}bd
/GR/grestore ld
/GS/gsave ld
/RM/rmoveto ld
/C/curveto ld
/t/show ld
/L/lineto ld
/RL/rlineto ld
/ML/setmiterlimit ld
/CT/concat ld
/f/fill ld
/N/newpath ld
/S/stroke ld
/CC/setcmykcolor ld
/A/ashow ld
/cp/closepath ld
/RC/setrgbcolor ld
/LJ/setlinejoin ld
/GC/setgray ld
/LW/setlinewidth ld
/LC/setlinecap ld
/LJ/setlinejoin ld
/SD/setdash ld
/M/moveto ld
/TX/translate ld
/R/rotate ld
/SC/scale ld

/CIRC {0 360 arc}bd
/F {exch findfont exch scalefont setfont}bd
/edef{ exch def } def
/scaleImg{ % width height outputDPI scaleImg
   /outputDPI edef
   /height edef
   /width edef
   /psDPI 72 def
   /sDPI psDPI outputDPI div def % DPI scale
   width sDPI mul % width * (psDPI / outputDPI)
   height sDPI mul
   scale
} def

% LineAttribute methods.linewidth linejoin linecap [dashpattern] dashOffset colorVal(s) <method>
/LAG {setgray setdash setlinecap setlinejoin setlinewidth} bd
/LAR {setrgbcolor setdash setlinecap setlinejoin setlinewidth} bd
/LAC {setcmykcolor setdash setlinecap setlinejoin setlinewidth} bd

% draw line impl
/DL { % VertexList NVerts StartPt DL
  N moveto { lineto } repeat stroke} def
% draw unfilled polyline impl
/DPL { % VertexList NVerts StartPt DPL
  N moveto { lineto } repeat closepath stroke} def
% draw filled polyline impl
/DPLF { % VertexList NVerts StartPt DPLF
  N moveto { lineto } repeat closepath fill } def
/DRL { % VertexList NVerts StartPt DRL
  N moveto { rlineto } repeat stroke} def
% draw unfilled polyline impl
/DRPL { % VertexList NVerts StartPt DRPL
  N moveto { rlineto } repeat closepath stroke} def
% draw filled polyline impl
/DRPLF { % VertexList NVerts StartPt DRPLF
  N moveto { rlineto } repeat closepath fill } def

%%Page: 1 1
%%PageBoundingBox:    0     0   402   179
%%BeginPageSetup
N
0 0 M
401.6 0 L
401.6 179 L
0 179 L
cp
clip
1.00 GC
0 179 401.6 179 401.6 0 3 0 0 DPLF
[   0.5 0 0  -0.5 0   179] CT
%%EndPageSetup
-3.6 -4.5 TX
1.00 LW
806 12 806 293 85 293 3 85 12 DPLF
1.60 2 0 [] 0 1.00 LAG
129.18 293 1 129.18 12 DL
219.56 293 1 219.56 12 DL
309.94 293 1 309.94 12 DL
400.31 293 1 400.31 12 DL
490.69 293 1 490.69 12 DL
581.06 293 1 581.06 12 DL
671.44 293 1 671.44 12 DL
761.82 293 1 761.82 12 DL
806 293 1 85 293 DL
806 222.75 1 85 222.75 DL
806 152.5 1 85 152.5 DL
806 82.25 1 85 82.25 DL
806 12 1 85 12 DL
1.60 2 2 [] 0 0.00 LAG
806 293 1 85 293 DL
806 12 1 85 12 DL
129.18 285.79 1 129.18 293 DL
129.18 12 1 129.18 19.21 DL
219.56 285.79 1 219.56 293 DL
219.56 12 1 219.56 19.21 DL
309.94 285.79 1 309.94 293 DL
309.94 12 1 309.94 19.21 DL
400.31 285.79 1 400.31 293 DL
400.31 12 1 400.31 19.21 DL
490.69 285.79 1 490.69 293 DL
490.69 12 1 490.69 19.21 DL
581.06 285.79 1 581.06 293 DL
581.06 12 1 581.06 19.21 DL
671.44 285.79 1 671.44 293 DL
671.44 12 1 671.44 19.21 DL
761.82 285.79 1 761.82 293 DL
761.82 12 1 761.82 19.21 DL
/Times-Roman 22 F
GS
110.6 335.22 M
1 -1 scale
30 R
(tree) t
GR
GS
151 364 M
1 -1 scale
30 R
(tree) t
GR
/Times-Roman 17.6 F
GS
185 357 M
1 -1 scale
30 R
(e) t
GR
/Times-Roman 22 F
GS
187 343 M
1 -1 scale
30 R
(nergy) t
GR
GS
261.91 352.22 M
1 -1 scale
30 R
(minhop) t
GR
GS
386.93 332.22 M
1 -1 scale
30 R
(etx) t
GR
GS
448.73 348.72 M
1 -1 scale
30 R
(greedy) t
GR
GS
539.1 348.72 M
1 -1 scale
30 R
(energy) t
GR
GS
624.28 351.72 M
1 -1 scale
30 R
(mindist) t
GR
GS
742.37 335.72 M
1 -1 scale
30 R
(mix) t
GR
/Times-Roman 24.2 F
GS
20.6 200.5 M
1 -1 scale
90 R
(Time step) t
GR
85 12 1 85 293 DL
806 12 1 806 293 DL
92.21 293 1 85 293 DL
806 293 1 798.79 293 DL
92.21 222.75 1 85 222.75 DL
806 222.75 1 798.79 222.75 DL
92.21 152.5 1 85 152.5 DL
806 152.5 1 798.79 152.5 DL
92.21 82.25 1 85 82.25 DL
806 82.25 1 798.79 82.25 DL
92.21 12 1 85 12 DL
806 12 1 798.79 12 DL
/Times-Roman 22 F
GS
65.6 300.5 M
1 -1 scale
(0) t
GR
GS
43.6 230.25 M
1 -1 scale
(500) t
GR
GS
32.6 160 M
1 -1 scale
(1000) t
GR
GS
32.6 89.75 M
1 -1 scale
(1500) t
GR
GS
32.6 19.5 M
1 -1 scale
(2000) t
GR
1.00 2 0 [] 0 0.00 LAG
806 293 1 85 293 DL
0.15 0.55 0.87 RC
117.13 286.55 117.13 293 101.07 293 3 101.07 286.55 DPLF
207.51 288.06 207.51 293 191.44 293 3 191.44 288.06 DPLF
297.89 288.87 297.89 293 281.82 293 3 281.82 288.87 DPLF
388.26 283.8 388.26 293 372.19 293 3 372.19 283.8 DPLF
478.64 286.97 478.64 293 462.57 293 3 462.57 286.97 DPLF
569.01 281.41 569.01 293 552.95 293 3 552.95 281.41 DPLF
659.39 281.47 659.39 293 643.32 293 3 643.32 281.47 DPLF
749.77 279.31 749.77 293 733.7 293 3 733.7 279.31 DPLF
1.00 0 0 [] 0 0.85 LAG
117.13 293 117.13 286.55 101.07 286.55 3 101.07 293 DPL
207.51 293 207.51 288.06 191.44 288.06 3 191.44 293 DPL
297.89 293 297.89 288.87 281.82 288.87 3 281.82 293 DPL
388.26 293 388.26 283.8 372.19 283.8 3 372.19 293 DPL
478.64 293 478.64 286.97 462.57 286.97 3 462.57 293 DPL
569.01 293 569.01 281.41 552.95 281.41 3 552.95 293 DPL
659.39 293 659.39 281.47 643.32 281.47 3 643.32 293 DPL
749.77 293 749.77 279.31 733.7 279.31 3 733.7 293 DPL
0.96 0.47 0.16 RC
137.22 12 137.22 293 121.15 293 3 121.15 12 DPLF
227.59 12 227.59 293 211.53 293 3 211.53 12 DPLF
317.97 12 317.97 293 301.9 293 3 301.9 12 DPLF
408.35 12 408.35 293 392.28 293 3 392.28 12 DPLF
498.72 12 498.72 293 482.65 293 3 482.65 12 DPLF
589.1 12 589.1 293 573.03 293 3 573.03 12 DPLF
679.47 12 679.47 293 663.41 293 3 663.41 12 DPLF
769.85 12 769.85 293 753.78 293 3 753.78 12 DPLF
1.00 0 0 [] 0 0.85 LAG
137.22 293 137.22 12 121.15 12 3 121.15 293 DPL
227.59 293 227.59 12 211.53 12 3 211.53 293 DPL
317.97 293 317.97 12 301.9 12 3 301.9 293 DPL
408.35 293 408.35 12 392.28 12 3 392.28 293 DPL
498.72 293 498.72 12 482.65 12 3 482.65 293 DPL
589.1 293 589.1 12 573.03 12 3 573.03 293 DPL
679.47 293 679.47 12 663.41 12 3 663.41 293 DPL
769.85 293 769.85 12 753.78 12 3 753.78 293 DPL
1.00 0.91 0.39 RC
157.3 12 157.3 293 141.23 293 3 141.23 12 DPLF
247.68 12 247.68 293 231.61 293 3 231.61 12 DPLF
338.05 12 338.05 293 321.99 293 3 321.99 12 DPLF
428.43 12 428.43 293 412.36 293 3 412.36 12 DPLF
518.8 12 518.8 293 502.74 293 3 502.74 12 DPLF
609.18 12 609.18 293 593.11 293 3 593.11 12 DPLF
699.56 12 699.56 293 683.49 293 3 683.49 12 DPLF
789.93 12 789.93 293 773.87 293 3 773.87 12 DPLF
1.00 0 0 [] 0 0.85 LAG
157.3 293 157.3 12 141.23 12 3 141.23 293 DPL
247.68 293 247.68 12 231.61 12 3 231.61 293 DPL
338.05 293 338.05 12 321.99 12 3 321.99 293 DPL
428.43 293 428.43 12 412.36 12 3 412.36 293 DPL
518.8 293 518.8 12 502.74 12 3 502.74 293 DPL
609.18 293 609.18 12 593.11 12 3 593.11 293 DPL
699.56 293 699.56 12 683.49 12 3 683.49 293 DPL
789.93 293 789.93 12 773.87 12 3 773.87 293 DPL
1.00 2 0 [] 0 0.00 LAG
109.1 287.9 1 109.1 286.55 DL
199.48 288.61 1 199.48 288.06 DL
289.85 290.19 1 289.85 288.87 DL
380.23 286.21 1 380.23 283.8 DL
470.6 288.35 1 470.6 286.97 DL
560.98 285.38 1 560.98 281.41 DL
651.36 283.99 1 651.36 281.47 DL
741.73 282.54 1 741.73 279.31 DL
109.1 285.2 1 109.1 286.55 DL
199.48 287.51 1 199.48 288.06 DL
289.85 287.55 1 289.85 288.87 DL
380.23 281.39 1 380.23 283.8 DL
470.6 285.58 1 470.6 286.97 DL
560.98 277.44 1 560.98 281.41 DL
651.36 278.95 1 651.36 281.47 DL
741.73 276.08 1 741.73 279.31 DL
1.00 0 0 [] 0 0.00 LAG
115.1 287.9 1 103.1 287.9 DL
205.48 288.61 1 193.48 288.61 DL
295.85 290.19 1 283.85 290.19 DL
386.23 286.21 1 374.23 286.21 DL
476.6 288.35 1 464.6 288.35 DL
566.98 285.38 1 554.98 285.38 DL
657.36 283.99 1 645.36 283.99 DL
747.73 282.54 1 735.73 282.54 DL
115.1 285.2 1 103.1 285.2 DL
205.48 287.51 1 193.48 287.51 DL
295.85 287.55 1 283.85 287.55 DL
386.23 281.39 1 374.23 281.39 DL
476.6 285.58 1 464.6 285.58 DL
566.98 277.44 1 554.98 277.44 DL
657.36 278.95 1 645.36 278.95 DL
747.73 276.08 1 735.73 276.08 DL
1.00 2 0 [] 0 0.00 LAG
129.18 12 1 129.18 12 DL
219.56 12 1 219.56 12 DL
309.94 12 1 309.94 12 DL
400.31 12 1 400.31 12 DL
490.69 12 1 490.69 12 DL
581.06 12 1 581.06 12 DL
671.44 12 1 671.44 12 DL
761.82 12 1 761.82 12 DL
129.18 12 1 129.18 12 DL
219.56 12 1 219.56 12 DL
309.94 12 1 309.94 12 DL
400.31 12 1 400.31 12 DL
490.69 12 1 490.69 12 DL
581.06 12 1 581.06 12 DL
671.44 12 1 671.44 12 DL
761.82 12 1 761.82 12 DL
1.00 0 0 [] 0 0.00 LAG
135.18 12 1 123.18 12 DL
225.56 12 1 213.56 12 DL
315.94 12 1 303.94 12 DL
406.31 12 1 394.31 12 DL
496.69 12 1 484.69 12 DL
587.06 12 1 575.06 12 DL
677.44 12 1 665.44 12 DL
767.82 12 1 755.82 12 DL
135.18 12 1 123.18 12 DL
225.56 12 1 213.56 12 DL
315.94 12 1 303.94 12 DL
406.31 12 1 394.31 12 DL
496.69 12 1 484.69 12 DL
587.06 12 1 575.06 12 DL
677.44 12 1 665.44 12 DL
767.82 12 1 755.82 12 DL
1.00 2 0 [] 0 0.00 LAG
149.27 12 1 149.27 12 DL
239.64 12 1 239.64 12 DL
330.02 12 1 330.02 12 DL
420.4 12 1 420.4 12 DL
510.77 12 1 510.77 12 DL
601.15 12 1 601.15 12 DL
691.52 12 1 691.52 12 DL
781.9 12 1 781.9 12 DL
149.27 12 1 149.27 12 DL
239.64 12 1 239.64 12 DL
330.02 12 1 330.02 12 DL
420.4 12 1 420.4 12 DL
510.77 12 1 510.77 12 DL
601.15 12 1 601.15 12 DL
691.52 12 1 691.52 12 DL
781.9 12 1 781.9 12 DL
1.00 0 0 [] 0 0.00 LAG
155.27 12 1 143.27 12 DL
245.64 12 1 233.64 12 DL
336.02 12 1 324.02 12 DL
426.4 12 1 414.4 12 DL
516.77 12 1 504.77 12 DL
607.15 12 1 595.15 12 DL
697.52 12 1 685.52 12 DL
787.9 12 1 775.9 12 DL
155.27 12 1 143.27 12 DL
245.64 12 1 233.64 12 DL
336.02 12 1 324.02 12 DL
426.4 12 1 414.4 12 DL
516.77 12 1 504.77 12 DL
607.15 12 1 595.15 12 DL
697.52 12 1 685.52 12 DL
787.9 12 1 775.9 12 DL
0.15 0.55 0.87 RC
740.27 121.71 740.27 138.1 680.02 138.1 3 680.02 121.71 DPLF
1.00 0 0 [] 0 0.85 LAG
740.27 138.1 740.27 121.71 680.02 121.71 3 680.02 138.1 DPL
0.96 0.47 0.16 RC
740.27 144.31 740.27 160.69 680.02 160.69 3 680.02 144.31 DPLF
1.00 0 0 [] 0 0.85 LAG
740.27 160.69 740.27 144.31 680.02 144.31 3 680.02 160.69 DPL
1.00 0.91 0.39 RC
740.27 166.9 740.27 183.29 680.02 183.29 3 680.02 166.9 DPLF
1.00 0 0 [] 0 0.85 LAG
740.27 183.29 740.27 166.9 680.02 166.9 3 680.02 183.29 DPL
/Times-Roman 20 F
0.00 GC
GS
744.79 136.4 M
1 -1 scale
(FND) t
GR
GS
744.79 159 M
1 -1 scale
(HND) t
GR
GS
744.79 181.6 M
1 -1 scale
(LND) t
GR
%%Trailer
%%Pages: 1
%%EOF
