%!PS-Adobe-3.0 EPSF-3.0
%%Creator: (MATLAB, The MathWorks, Inc. Version 25.1.0.2943329 R2025a. Operating System: Microsoft Windows 11 专业工作站版)
%%Title: ./Lifetime_FND_HND_LND.eps
%%CreationDate: 2026-01-22T16:25:25
%%Pages: (atend)
%%BoundingBox:    0     0   402   180
%%LanguageLevel: 3
%%EndComments
/bd{bind def}bind def
/ld{load def}bd
/GR/grestore ld
/GS/gsave ld
/RM/rmoveto ld
/C/curveto ld
/t/show ld
/L/lineto ld
/RL/rlineto ld
/ML/setmiterlimit ld
/CT/concat ld
/f/fill ld
/N/newpath ld
/S/stroke ld
/CC/setcmykcolor ld
/A/ashow ld
/cp/closepath ld
/RC/setrgbcolor ld
/LJ/setlinejoin ld
/GC/setgray ld
/LW/setlinewidth ld
/LC/setlinecap ld
/LJ/setlinejoin ld
/SD/setdash ld
/M/moveto ld
/TX/translate ld
/R/rotate ld
/SC/scale ld

/CIRC {0 360 arc}bd
/F {exch findfont exch scalefont setfont}bd
/edef{ exch def } def
/scaleImg{ % width height outputDPI scaleImg
   /outputDPI edef
   /height edef
   /width edef
   /psDPI 72 def
   /sDPI psDPI outputDPI div def % DPI scale
   width sDPI mul % width * (psDPI / outputDPI)
   height sDPI mul
   scale
} def

% LineAttribute methods.linewidth linejoin linecap [dashpattern] dashOffset colorVal(s) <method>
/LAG {setgray setdash setlinecap setlinejoin setlinewidth} bd
/LAR {setrgbcolor setdash setlinecap setlinejoin setlinewidth} bd
/LAC {setcmykcolor setdash setlinecap setlinejoin setlinewidth} bd

% draw line impl
/DL { % VertexList NVerts StartPt DL
  N moveto { lineto } repeat stroke} def
% draw unfilled polyline impl
/DPL { % VertexList NVerts StartPt DPL
  N moveto { lineto } repeat closepath stroke} def
% draw filled polyline impl
/DPLF { % VertexList NVerts StartPt DPLF
  N moveto { lineto } repeat closepath fill } def
/DRL { % VertexList NVerts StartPt DRL
  N moveto { rlineto } repeat stroke} def
% draw unfilled polyline impl
/DRPL { % VertexList NVerts StartPt DRPL
  N moveto { rlineto } repeat closepath stroke} def
% draw filled polyline impl
/DRPLF { % VertexList NVerts StartPt DRPLF
  N moveto { rlineto } repeat closepath fill } def

%%Page: 1 1
%%PageBoundingBox:    0     0   402   180
%%BeginPageSetup
N
0 0 M
401.43 0 L
401.43 179.5 L
0 179.5 L
cp
clip
1.00 GC
0 179.5 401.43 179.5 401.43 0 3 0 0 DPLF
[   0.5 0 0  -0.5 0 179.5] CT
%%EndPageSetup
-3.93 -4.5 TX
1.00 LW
806 12 806 295 82 295 3 82 12 DPLF
1.60 2 0 [10 6 ] 0 1.00 LAG
126.37 295 1 126.37 12 DL
217.12 295 1 217.12 12 DL
307.87 295 1 307.87 12 DL
398.62 295 1 398.62 12 DL
489.38 295 1 489.38 12 DL
580.13 295 1 580.13 12 DL
670.88 295 1 670.88 12 DL
761.63 295 1 761.63 12 DL
806 295 1 82 295 DL
806 224.25 1 82 224.25 DL
806 153.5 1 82 153.5 DL
806 82.75 1 82 82.75 DL
806 12 1 82 12 DL
1.60 2 2 [] 0 0.00 LAG
806 295 1 82 295 DL
806 12 1 82 12 DL
126.37 287.76 1 126.37 295 DL
126.37 12 1 126.37 19.24 DL
217.12 287.76 1 217.12 295 DL
217.12 12 1 217.12 19.24 DL
307.87 287.76 1 307.87 295 DL
307.87 12 1 307.87 19.24 DL
398.62 287.76 1 398.62 295 DL
398.62 12 1 398.62 19.24 DL
489.38 287.76 1 489.38 295 DL
489.38 12 1 489.38 19.24 DL
580.13 287.76 1 580.13 295 DL
580.13 12 1 580.13 19.24 DL
670.88 287.76 1 670.88 295 DL
670.88 12 1 670.88 19.24 DL
761.63 287.76 1 761.63 295 DL
761.63 12 1 761.63 19.24 DL
/Times-Roman 22 F
GS
107.79 335.55 M
1 -1 scale
30 R
(tree) t
GR
GS
148 365 M
1 -1 scale
30 R
(tree) t
GR
/Times-Roman 17.6 F
GS
182 358 M
1 -1 scale
30 R
(e) t
GR
/Times-Roman 22 F
GS
184 344 M
1 -1 scale
30 R
(nergy) t
GR
GS
259.85 352.55 M
1 -1 scale
30 R
(minhop) t
GR
GS
385.24 332.55 M
1 -1 scale
30 R
(etx) t
GR
GS
447.41 349.05 M
1 -1 scale
30 R
(greedy) t
GR
GS
538.17 349.05 M
1 -1 scale
30 R
(energy) t
GR
GS
623.72 352.05 M
1 -1 scale
30 R
(mindist) t
GR
GS
742.19 336.05 M
1 -1 scale
30 R
(mix) t
GR
/Times-Roman 24.2 F
GS
20.93 201.5 M
1 -1 scale
90 R
(Time step) t
GR
82 12 1 82 295 DL
806 12 1 806 295 DL
89.24 295 1 82 295 DL
806 295 1 798.76 295 DL
89.24 224.25 1 82 224.25 DL
806 224.25 1 798.76 224.25 DL
89.24 153.5 1 82 153.5 DL
806 153.5 1 798.76 153.5 DL
89.24 82.75 1 82 82.75 DL
806 82.75 1 798.76 82.75 DL
89.24 12 1 82 12 DL
806 12 1 798.76 12 DL
/Times-Roman 22 F
GS
64.27 302.5 M
1 -1 scale
(0) t
GR
GS
42.27 231.75 M
1 -1 scale
(500) t
GR
GS
31.27 161 M
1 -1 scale
(1000) t
GR
GS
31.27 90.25 M
1 -1 scale
(1500) t
GR
GS
31.27 19.5 M
1 -1 scale
(2000) t
GR
1.00 2 0 [] 0 0.00 LAG
806 295 1 82 295 DL
0.15 0.55 0.87 RC
114.27 288.51 114.27 295 98.13 295 3 98.13 288.51 DPLF
205.02 289.87 205.02 295 188.89 295 3 188.89 289.87 DPLF
295.77 291.13 295.77 295 279.64 295 3 279.64 291.13 DPLF
386.52 284.91 386.52 295 370.39 295 3 370.39 284.91 DPLF
477.28 288.16 477.28 295 461.14 295 3 461.14 288.16 DPLF
568.03 282.75 568.03 295 551.89 295 3 551.89 282.75 DPLF
658.78 283.23 658.78 295 642.65 295 3 642.65 283.23 DPLF
749.53 280.37 749.53 295 733.4 295 3 733.4 280.37 DPLF
1.00 0 0 [] 0 0.85 LAG
114.27 295 114.27 288.51 98.13 288.51 3 98.13 295 DPL
205.02 295 205.02 289.87 188.89 289.87 3 188.89 295 DPL
295.77 295 295.77 291.13 279.64 291.13 3 279.64 295 DPL
386.52 295 386.52 284.91 370.39 284.91 3 370.39 295 DPL
477.28 295 477.28 288.16 461.14 288.16 3 461.14 295 DPL
568.03 295 568.03 282.75 551.89 282.75 3 551.89 295 DPL
658.78 295 658.78 283.23 642.65 283.23 3 642.65 295 DPL
749.53 295 749.53 280.37 733.4 280.37 3 733.4 295 DPL
0.96 0.47 0.16 RC
134.43 12 134.43 295 118.3 295 3 118.3 12 DPLF
225.19 12 225.19 295 209.05 295 3 209.05 12 DPLF
315.94 12 315.94 295 299.81 295 3 299.81 12 DPLF
406.69 12 406.69 295 390.56 295 3 390.56 12 DPLF
497.44 12 497.44 295 481.31 295 3 481.31 12 DPLF
588.2 12 588.2 295 572.06 295 3 572.06 12 DPLF
678.95 12 678.95 295 662.81 295 3 662.81 12 DPLF
769.7 12 769.7 295 753.57 295 3 753.57 12 DPLF
1.00 0 0 [] 0 0.85 LAG
134.43 295 134.43 12 118.3 12 3 118.3 295 DPL
225.19 295 225.19 12 209.05 12 3 209.05 295 DPL
315.94 295 315.94 12 299.81 12 3 299.81 295 DPL
406.69 295 406.69 12 390.56 12 3 390.56 295 DPL
497.44 295 497.44 12 481.31 12 3 481.31 295 DPL
588.2 295 588.2 12 572.06 12 3 572.06 295 DPL
678.95 295 678.95 12 662.81 12 3 662.81 295 DPL
769.7 295 769.7 12 753.57 12 3 753.57 295 DPL
1.00 0.91 0.39 RC
154.6 12 154.6 295 138.47 295 3 138.47 12 DPLF
245.35 12 245.35 295 229.22 295 3 229.22 12 DPLF
336.11 12 336.11 295 319.97 295 3 319.97 12 DPLF
426.86 12 426.86 295 410.72 295 3 410.72 12 DPLF
517.61 12 517.61 295 501.48 295 3 501.48 12 DPLF
608.36 12 608.36 295 592.23 295 3 592.23 12 DPLF
699.11 12 699.11 295 682.98 295 3 682.98 12 DPLF
789.87 12 789.87 295 773.73 295 3 773.73 12 DPLF
1.00 0 0 [] 0 0.85 LAG
154.6 295 154.6 12 138.47 12 3 138.47 295 DPL
245.35 295 245.35 12 229.22 12 3 229.22 295 DPL
336.11 295 336.11 12 319.97 12 3 319.97 295 DPL
426.86 295 426.86 12 410.72 12 3 410.72 295 DPL
517.61 295 517.61 12 501.48 12 3 501.48 295 DPL
608.36 295 608.36 12 592.23 12 3 592.23 295 DPL
699.11 295 699.11 12 682.98 12 3 682.98 295 DPL
789.87 295 789.87 12 773.73 12 3 773.73 295 DPL
1.00 2 0 [] 0 0.00 LAG
106.2 289.63 1 106.2 288.51 DL
196.95 290.94 1 196.95 289.87 DL
287.7 291.72 1 287.7 291.13 DL
378.46 286.85 1 378.46 284.91 DL
469.21 289.64 1 469.21 288.16 DL
559.96 285.68 1 559.96 282.75 DL
650.71 286.29 1 650.71 283.23 DL
741.47 284.02 1 741.47 280.37 DL
106.2 287.38 1 106.2 288.51 DL
196.95 288.81 1 196.95 289.87 DL
287.7 290.54 1 287.7 291.13 DL
378.46 282.98 1 378.46 284.91 DL
469.21 286.68 1 469.21 288.16 DL
559.96 279.82 1 559.96 282.75 DL
650.71 280.18 1 650.71 283.23 DL
741.47 276.72 1 741.47 280.37 DL
1.00 0 0 [] 0 0.00 LAG
112.2 289.63 1 100.2 289.63 DL
202.95 290.94 1 190.95 290.94 DL
293.7 291.72 1 281.7 291.72 DL
384.46 286.85 1 372.46 286.85 DL
475.21 289.64 1 463.21 289.64 DL
565.96 285.68 1 553.96 285.68 DL
656.71 286.29 1 644.71 286.29 DL
747.47 284.02 1 735.47 284.02 DL
112.2 287.38 1 100.2 287.38 DL
202.95 288.81 1 190.95 288.81 DL
293.7 290.54 1 281.7 290.54 DL
384.46 282.98 1 372.46 282.98 DL
475.21 286.68 1 463.21 286.68 DL
565.96 279.82 1 553.96 279.82 DL
656.71 280.18 1 644.71 280.18 DL
747.47 276.72 1 735.47 276.72 DL
1.00 2 0 [] 0 0.00 LAG
126.37 12 1 126.37 12 DL
217.12 12 1 217.12 12 DL
307.87 12 1 307.87 12 DL
398.62 12 1 398.62 12 DL
489.38 12 1 489.38 12 DL
580.13 12 1 580.13 12 DL
670.88 12 1 670.88 12 DL
761.63 12 1 761.63 12 DL
126.37 12 1 126.37 12 DL
217.12 12 1 217.12 12 DL
307.87 12 1 307.87 12 DL
398.62 12 1 398.62 12 DL
489.38 12 1 489.38 12 DL
580.13 12 1 580.13 12 DL
670.88 12 1 670.88 12 DL
761.63 12 1 761.63 12 DL
1.00 0 0 [] 0 0.00 LAG
132.37 12 1 120.37 12 DL
223.12 12 1 211.12 12 DL
313.87 12 1 301.87 12 DL
404.62 12 1 392.62 12 DL
495.38 12 1 483.38 12 DL
586.13 12 1 574.13 12 DL
676.88 12 1 664.88 12 DL
767.63 12 1 755.63 12 DL
132.37 12 1 120.37 12 DL
223.12 12 1 211.12 12 DL
313.87 12 1 301.87 12 DL
404.62 12 1 392.62 12 DL
495.38 12 1 483.38 12 DL
586.13 12 1 574.13 12 DL
676.88 12 1 664.88 12 DL
767.63 12 1 755.63 12 DL
1.00 2 0 [] 0 0.00 LAG
146.53 12 1 146.53 12 DL
237.29 12 1 237.29 12 DL
328.04 12 1 328.04 12 DL
418.79 12 1 418.79 12 DL
509.54 12 1 509.54 12 DL
600.3 12 1 600.3 12 DL
691.05 12 1 691.05 12 DL
781.8 12 1 781.8 12 DL
146.53 12 1 146.53 12 DL
237.29 12 1 237.29 12 DL
328.04 12 1 328.04 12 DL
418.79 12 1 418.79 12 DL
509.54 12 1 509.54 12 DL
600.3 12 1 600.3 12 DL
691.05 12 1 691.05 12 DL
781.8 12 1 781.8 12 DL
1.00 0 0 [] 0 0.00 LAG
152.53 12 1 140.53 12 DL
243.29 12 1 231.29 12 DL
334.04 12 1 322.04 12 DL
424.79 12 1 412.79 12 DL
515.54 12 1 503.54 12 DL
606.3 12 1 594.3 12 DL
697.05 12 1 685.05 12 DL
787.8 12 1 775.8 12 DL
152.53 12 1 140.53 12 DL
243.29 12 1 231.29 12 DL
334.04 12 1 322.04 12 DL
424.79 12 1 412.79 12 DL
515.54 12 1 503.54 12 DL
606.3 12 1 594.3 12 DL
697.05 12 1 685.05 12 DL
787.8 12 1 775.8 12 DL
0.15 0.55 0.87 RC
739.73 122.71 739.73 139.1 679.98 139.1 3 679.98 122.71 DPLF
1.00 0 0 [] 0 0.85 LAG
739.73 139.1 739.73 122.71 679.98 122.71 3 679.98 139.1 DPL
0.96 0.47 0.16 RC
739.73 145.31 739.73 161.69 679.98 161.69 3 679.98 145.31 DPLF
1.00 0 0 [] 0 0.85 LAG
739.73 161.69 739.73 145.31 679.98 145.31 3 679.98 161.69 DPL
1.00 0.91 0.39 RC
739.73 167.9 739.73 184.29 679.98 184.29 3 679.98 167.9 DPLF
1.00 0 0 [] 0 0.85 LAG
739.73 184.29 739.73 167.9 679.98 167.9 3 679.98 184.29 DPL
/Times-Roman 20 F
0.00 GC
GS
744.21 137.4 M
1 -1 scale
(FND) t
GR
GS
744.21 160 M
1 -1 scale
(HND) t
GR
GS
744.21 182.6 M
1 -1 scale
(LND) t
GR
%%Trailer
%%Pages: 1
%%EOF
