%!PS-Adobe-3.0 EPSF-3.0
%%Creator: (MATLAB, The MathWorks, Inc. Version 25.1.0.2943329 R2025a. Operating System: Microsoft Windows 11 专业工作站版)
%%Title: ./Lifetime_FND_HND_LND.eps
%%CreationDate: 2026-01-12T17:56:21
%%Pages: (atend)
%%BoundingBox:    0     0   402   185
%%LanguageLevel: 3
%%EndComments
/bd{bind def}bind def
/ld{load def}bd
/GR/grestore ld
/GS/gsave ld
/RM/rmoveto ld
/C/curveto ld
/t/show ld
/L/lineto ld
/RL/rlineto ld
/ML/setmiterlimit ld
/CT/concat ld
/f/fill ld
/N/newpath ld
/S/stroke ld
/CC/setcmykcolor ld
/A/ashow ld
/cp/closepath ld
/RC/setrgbcolor ld
/LJ/setlinejoin ld
/GC/setgray ld
/LW/setlinewidth ld
/LC/setlinecap ld
/LJ/setlinejoin ld
/SD/setdash ld
/M/moveto ld
/TX/translate ld
/R/rotate ld
/SC/scale ld

/CIRC {0 360 arc}bd
/F {exch findfont exch scalefont setfont}bd
/edef{ exch def } def
/scaleImg{ % width height outputDPI scaleImg
   /outputDPI edef
   /height edef
   /width edef
   /psDPI 72 def
   /sDPI psDPI outputDPI div def % DPI scale
   width sDPI mul % width * (psDPI / outputDPI)
   height sDPI mul
   scale
} def

% LineAttribute methods.linewidth linejoin linecap [dashpattern] dashOffset colorVal(s) <method>
/LAG {setgray setdash setlinecap setlinejoin setlinewidth} bd
/LAR {setrgbcolor setdash setlinecap setlinejoin setlinewidth} bd
/LAC {setcmykcolor setdash setlinecap setlinejoin setlinewidth} bd

% draw line impl
/DL { % VertexList NVerts StartPt DL
  N moveto { lineto } repeat stroke} def
% draw unfilled polyline impl
/DPL { % VertexList NVerts StartPt DPL
  N moveto { lineto } repeat closepath stroke} def
% draw filled polyline impl
/DPLF { % VertexList NVerts StartPt DPLF
  N moveto { lineto } repeat closepath fill } def
/DRL { % VertexList NVerts StartPt DRL
  N moveto { rlineto } repeat stroke} def
% draw unfilled polyline impl
/DRPL { % VertexList NVerts StartPt DRPL
  N moveto { rlineto } repeat closepath stroke} def
% draw filled polyline impl
/DRPLF { % VertexList NVerts StartPt DRPLF
  N moveto { rlineto } repeat closepath fill } def

%%Page: 1 1
%%PageBoundingBox:    0     0   402   185
%%BeginPageSetup
N
0 0 M
401.6 0 L
401.6 184.95 L
0 184.95 L
cp
clip
1.00 GC
0 184.95 401.6 184.95 401.6 0 3 0 0 DPLF
[   0.5 0 0  -0.5 0 184.95] CT
%%EndPageSetup
-3.6 -4.5 TX
1.00 LW
806 12 806 341 85 341 3 85 12 DPLF
1.60 2 0 [] 0 1.00 LAG
135.52 341 1 135.52 12 DL
238.84 341 1 238.84 12 DL
342.17 341 1 342.17 12 DL
445.5 341 1 445.5 12 DL
548.83 341 1 548.83 12 DL
652.16 341 1 652.16 12 DL
755.48 341 1 755.48 12 DL
806 341 1 85 341 DL
806 258.75 1 85 258.75 DL
806 176.5 1 85 176.5 DL
806 94.25 1 85 94.25 DL
806 12 1 85 12 DL
1.60 2 2 [] 0 0.00 LAG
806 341 1 85 341 DL
806 12 1 85 12 DL
135.52 333.79 1 135.52 341 DL
135.52 12 1 135.52 19.21 DL
238.84 333.79 1 238.84 341 DL
238.84 12 1 238.84 19.21 DL
342.17 333.79 1 342.17 341 DL
342.17 12 1 342.17 19.21 DL
445.5 333.79 1 445.5 341 DL
445.5 12 1 445.5 19.21 DL
548.83 333.79 1 548.83 341 DL
548.83 12 1 548.83 19.21 DL
652.16 333.79 1 652.16 341 DL
652.16 12 1 652.16 19.21 DL
755.48 333.79 1 755.48 341 DL
755.48 12 1 755.48 19.21 DL
/Times-Roman 22 F
GS
119.02 369.4 M
1 -1 scale
(tree) t
GR
GS
205.34 369.4 M
1 -1 scale
(minhop) t
GR
GS
328.67 369.4 M
1 -1 scale
(etx) t
GR
GS
415.5 369.4 M
1 -1 scale
(greedy) t
GR
GS
518.83 369.4 M
1 -1 scale
(energy) t
GR
GS
619.16 369.4 M
1 -1 scale
(mindist) t
GR
GS
738.48 369.4 M
1 -1 scale
(mix) t
GR
/Times-Roman 24.2 F
GS
20.6 224.5 M
1 -1 scale
90 R
(Time step) t
GR
85 12 1 85 341 DL
806 12 1 806 341 DL
92.21 341 1 85 341 DL
806 341 1 798.79 341 DL
92.21 258.75 1 85 258.75 DL
806 258.75 1 798.79 258.75 DL
92.21 176.5 1 85 176.5 DL
806 176.5 1 798.79 176.5 DL
92.21 94.25 1 85 94.25 DL
806 94.25 1 798.79 94.25 DL
92.21 12 1 85 12 DL
806 12 1 798.79 12 DL
/Times-Roman 22 F
GS
65.6 348.5 M
1 -1 scale
(0) t
GR
GS
43.6 266.25 M
1 -1 scale
(500) t
GR
GS
32.6 184 M
1 -1 scale
(1000) t
GR
GS
32.6 101.75 M
1 -1 scale
(1500) t
GR
GS
32.6 19.5 M
1 -1 scale
(2000) t
GR
1.00 2 0 [] 0 0.00 LAG
806 341 1 85 341 DL
0.15 0.55 0.87 RC
121.74 330.07 121.74 341 103.37 341 3 103.37 330.07 DPLF
225.07 331.76 225.07 341 206.7 341 3 206.7 331.76 DPLF
328.39 334.71 328.39 341 310.03 341 3 310.03 334.71 DPLF
431.72 331.61 431.72 341 413.35 341 3 413.35 331.61 DPLF
535.05 326.61 535.05 341 516.68 341 3 516.68 326.61 DPLF
638.38 333.25 638.38 341 620.01 341 3 620.01 333.25 DPLF
741.71 333.15 741.71 341 723.34 341 3 723.34 333.15 DPLF
1.00 0 0 [] 0 0.85 LAG
121.74 341 121.74 330.07 103.37 330.07 3 103.37 341 DPL
225.07 341 225.07 331.76 206.7 331.76 3 206.7 341 DPL
328.39 341 328.39 334.71 310.03 334.71 3 310.03 341 DPL
431.72 341 431.72 331.61 413.35 331.61 3 413.35 341 DPL
535.05 341 535.05 326.61 516.68 326.61 3 516.68 341 DPL
638.38 341 638.38 333.25 620.01 333.25 3 620.01 341 DPL
741.71 341 741.71 333.15 723.34 333.15 3 723.34 341 DPL
0.96 0.47 0.16 RC
144.7 12 144.7 341 126.33 341 3 126.33 12 DPLF
248.03 12 248.03 341 229.66 341 3 229.66 12 DPLF
351.36 12 351.36 341 332.99 341 3 332.99 12 DPLF
454.68 12 454.68 341 436.32 341 3 436.32 12 DPLF
558.01 12 558.01 341 539.64 341 3 539.64 12 DPLF
661.34 12 661.34 341 642.97 341 3 642.97 12 DPLF
764.67 12 764.67 341 746.3 341 3 746.3 12 DPLF
1.00 0 0 [] 0 0.85 LAG
144.7 341 144.7 12 126.33 12 3 126.33 341 DPL
248.03 341 248.03 12 229.66 12 3 229.66 341 DPL
351.36 341 351.36 12 332.99 12 3 332.99 341 DPL
454.68 341 454.68 12 436.32 12 3 436.32 341 DPL
558.01 341 558.01 12 539.64 12 3 539.64 341 DPL
661.34 341 661.34 12 642.97 12 3 642.97 341 DPL
764.67 341 764.67 12 746.3 12 3 746.3 341 DPL
1.00 0.91 0.39 RC
167.66 12 167.66 341 149.29 341 3 149.29 12 DPLF
270.99 12 270.99 341 252.62 341 3 252.62 12 DPLF
374.32 12 374.32 341 355.95 341 3 355.95 12 DPLF
477.65 12 477.65 341 459.28 341 3 459.28 12 DPLF
580.97 12 580.97 341 562.61 341 3 562.61 12 DPLF
684.3 12 684.3 341 665.93 341 3 665.93 12 DPLF
787.63 12 787.63 341 769.26 341 3 769.26 12 DPLF
1.00 0 0 [] 0 0.85 LAG
167.66 341 167.66 12 149.29 12 3 149.29 341 DPL
270.99 341 270.99 12 252.62 12 3 252.62 341 DPL
374.32 341 374.32 12 355.95 12 3 355.95 341 DPL
477.65 341 477.65 12 459.28 12 3 459.28 341 DPL
580.97 341 580.97 12 562.61 12 3 562.61 341 DPL
684.3 341 684.3 12 665.93 12 3 665.93 341 DPL
787.63 341 787.63 12 769.26 12 3 769.26 341 DPL
1.00 2 0 [] 0 0.00 LAG
112.55 335.38 1 112.55 330.07 DL
215.88 335.77 1 215.88 331.76 DL
319.21 337.16 1 319.21 334.71 DL
422.54 335.39 1 422.54 331.61 DL
525.87 332.4 1 525.87 326.61 DL
629.19 336.34 1 629.19 333.25 DL
732.52 335.54 1 732.52 333.15 DL
112.55 324.76 1 112.55 330.07 DL
215.88 327.74 1 215.88 331.76 DL
319.21 332.25 1 319.21 334.71 DL
422.54 327.83 1 422.54 331.61 DL
525.87 320.81 1 525.87 326.61 DL
629.19 330.16 1 629.19 333.25 DL
732.52 330.75 1 732.52 333.15 DL
1.00 0 0 [] 0 0.00 LAG
118.55 335.38 1 106.55 335.38 DL
221.88 335.77 1 209.88 335.77 DL
325.21 337.16 1 313.21 337.16 DL
428.54 335.39 1 416.54 335.39 DL
531.87 332.4 1 519.87 332.4 DL
635.19 336.34 1 623.19 336.34 DL
738.52 335.54 1 726.52 335.54 DL
118.55 324.76 1 106.55 324.76 DL
221.88 327.74 1 209.88 327.74 DL
325.21 332.25 1 313.21 332.25 DL
428.54 327.83 1 416.54 327.83 DL
531.87 320.81 1 519.87 320.81 DL
635.19 330.16 1 623.19 330.16 DL
738.52 330.75 1 726.52 330.75 DL
1.00 2 0 [] 0 0.00 LAG
135.52 12 1 135.52 12 DL
238.84 12 1 238.84 12 DL
342.17 12 1 342.17 12 DL
445.5 12 1 445.5 12 DL
548.83 12 1 548.83 12 DL
652.16 12 1 652.16 12 DL
755.48 12 1 755.48 12 DL
135.52 12 1 135.52 12 DL
238.84 12 1 238.84 12 DL
342.17 12 1 342.17 12 DL
445.5 12 1 445.5 12 DL
548.83 12 1 548.83 12 DL
652.16 12 1 652.16 12 DL
755.48 12 1 755.48 12 DL
1.00 0 0 [] 0 0.00 LAG
141.52 12 1 129.52 12 DL
244.84 12 1 232.84 12 DL
348.17 12 1 336.17 12 DL
451.5 12 1 439.5 12 DL
554.83 12 1 542.83 12 DL
658.16 12 1 646.16 12 DL
761.48 12 1 749.48 12 DL
141.52 12 1 129.52 12 DL
244.84 12 1 232.84 12 DL
348.17 12 1 336.17 12 DL
451.5 12 1 439.5 12 DL
554.83 12 1 542.83 12 DL
658.16 12 1 646.16 12 DL
761.48 12 1 749.48 12 DL
1.00 2 0 [] 0 0.00 LAG
158.48 12 1 158.48 12 DL
261.81 12 1 261.81 12 DL
365.13 12 1 365.13 12 DL
468.46 12 1 468.46 12 DL
571.79 12 1 571.79 12 DL
675.12 12 1 675.12 12 DL
778.45 12 1 778.45 12 DL
158.48 12 1 158.48 12 DL
261.81 12 1 261.81 12 DL
365.13 12 1 365.13 12 DL
468.46 12 1 468.46 12 DL
571.79 12 1 571.79 12 DL
675.12 12 1 675.12 12 DL
778.45 12 1 778.45 12 DL
1.00 0 0 [] 0 0.00 LAG
164.48 12 1 152.48 12 DL
267.81 12 1 255.81 12 DL
371.13 12 1 359.13 12 DL
474.46 12 1 462.46 12 DL
577.79 12 1 565.79 12 DL
681.12 12 1 669.12 12 DL
784.45 12 1 772.45 12 DL
164.48 12 1 152.48 12 DL
267.81 12 1 255.81 12 DL
371.13 12 1 359.13 12 DL
474.46 12 1 462.46 12 DL
577.79 12 1 565.79 12 DL
681.12 12 1 669.12 12 DL
784.45 12 1 772.45 12 DL
0.15 0.55 0.87 RC
740.27 145.71 740.27 162.1 680.02 162.1 3 680.02 145.71 DPLF
1.00 0 0 [] 0 0.85 LAG
740.27 162.1 740.27 145.71 680.02 145.71 3 680.02 162.1 DPL
0.96 0.47 0.16 RC
740.27 168.31 740.27 184.69 680.02 184.69 3 680.02 168.31 DPLF
1.00 0 0 [] 0 0.85 LAG
740.27 184.69 740.27 168.31 680.02 168.31 3 680.02 184.69 DPL
1.00 0.91 0.39 RC
740.27 190.9 740.27 207.29 680.02 207.29 3 680.02 190.9 DPLF
1.00 0 0 [] 0 0.85 LAG
740.27 207.29 740.27 190.9 680.02 190.9 3 680.02 207.29 DPL
/Times-Roman 20 F
0.00 GC
GS
744.79 160.4 M
1 -1 scale
(FND) t
GR
GS
744.79 183 M
1 -1 scale
(HND) t
GR
GS
744.79 205.6 M
1 -1 scale
(LND) t
GR
%%Trailer
%%Pages: 1
%%EOF
